59 75 2
87 34 9
49 35 3
71 95 6
14 29 7
31 69 8
15 15 6
62 76 5
79 6 5
53 28 0
21 38 2
45 38 5
67 6 6
75 98 3
87 38 3
21 41 1
82 67 6
61 29 1
85 34 7
14 63 6
20 77 8
4 93 6
47 39 2
96 21 1
11 96 8
35 9 7
51 20 9
95 90 2
76 57 9
24 97 8
9 76 7
34 53 0
60 85 6
37 14 8
3 78 7
9 75 9
62 10 4
22 42 4
54 4 2
70 45 8
87 33 1
3 59 7
48 82 2
50 90 3
8 26 5
65 43 7
9 65 2
43 57 7
51 90 9
55 31 1
7 91 8
21 46 8
84 6 5
3 75 3
31 56 6
81 57 3
94 22 7
31 36 7
20 37 0
0 27 8
87 69 6
69 39 1
54 14 8
7 41 1
49 33 3
64 48 9
38 55 6
45 67 2
92 72 1
58 98 2
92 84 4
25 21 6
23 99 5
50 20 5
7 51 9
21 23 9
63 67 7
35 17 6
69 59 2
42 37 9
71 23 1
19 42 1
77 86 9
55 4 8
67 20 6
64 53 9
20 90 1
99 70 4
65 38 6
96 98 6
95 30 0
19 82 7
20 84 4
33 85 3
49 30 9
43 94 3
46 16 6
27 52 3
32 93 1
56 26 0
