53 89 5
29 97 0
43 66 1
97 68 1
28 98 1
16 16 4
83 92 7
38 8 5
10 9 6
16 79 4
45 41 2
76 50 0
69 71 5
59 43 0
21 60 1
74 7 5
4 74 8
28 93 5
92 66 6
35 17 9
29 52 9
7 15 8
19 26 9
33 26 2
46 63 7
37 25 0
31 5 5
18 42 6
51 14 9
80 49 8
56 51 4
23 49 0
37 81 2
65 99 0
71 13 9
7 47 8
88 55 4
61 55 7
53 39 7
30 44 4
18 72 8
33 57 5
30 91 1
57 26 9
59 1 1
83 59 8
43 18 6
93 47 7
95 0 4
83 25 2
0 78 9
99 82 3
28 79 0
16 10 6
31 81 9
46 99 3
39 55 9
49 22 7
22 0 8
66 6 8
62 35 6
7 39 6
59 24 7
18 52 4
64 49 0
99 98 2
69 77 3
89 52 2
95 58 7
42 20 8
27 53 8
92 3 1
62 42 8
15 3 8
99 35 6
28 59 9
67 66 4
9 39 7
4 50 7
59 61 4
53 58 0
79 28 3
54 85 8
57 45 4
68 85 2
61 17 9
43 73 0
54 28 3
31 30 4
87 88 2
20 8 3
46 86 1
57 71 9
82 68 8
0 85 6
30 78 6
26 32 1
13 91 8
89 88 1
81 32 4
