20 88 8
2 26 2
90 12 7
91 54 0
73 90 2
96 39 2
32 72 4
78 62 6
90 74 7
64 47 1
67 5 9
33 48 0
1 57 0
1 13 6
50 44 4
6 87 0
51 28 7
15 40 7
63 1 2
6 32 2
89 60 6
5 40 7
79 61 7
42 1 5
54 10 6
50 74 2
84 91 7
17 38 1
4 88 3
17 31 9
27 66 6
62 70 0
28 63 7
87 56 9
79 63 9
84 20 3
63 80 1
88 68 7
90 97 3
46 45 4
81 45 6
34 18 5
2 65 3
76 58 2
89 79 0
11 48 3
72 24 8
81 46 7
14 20 3
9 94 7
30 43 5
52 46 0
63 95 7
70 66 5
93 33 4
32 41 0
34 83 3
19 76 4
39 97 8
82 84 4
53 61 4
42 70 9
74 61 7
66 58 8
37 16 1
79 81 8
23 92 9
47 90 9
5 35 3
86 53 4
58 28 8
26 68 9
38 38 0
87 41 6
1 82 1
92 94 8
99 48 9
52 21 3
52 28 5
29 68 8
97 81 7
98 79 0
15 2 8
50 44 8
98 86 0
23 35 1
38 74 2
50 31 9
27 44 1
19 16 3
69 10 9
94 32 8
20 29 3
68 18 1
34 81 4
25 36 1
37 21 2
25 27 0
6 90 2
21 51 0
