83 75 6
13 85 1
97 87 6
76 6 5
81 93 9
7 26 9
99 97 6
2 51 6
99 14 8
0 83 9
97 76 1
16 2 5
11 48 6
32 10 0
15 67 8
50 0 2
66 78 2
90 2 4
87 21 3
32 38 8
57 12 7
36 82 3
31 65 3
17 21 2
59 58 8
45 33 4
86 88 1
60 42 8
57 68 3
44 65 9
40 85 4
20 11 4
66 93 0
99 53 2
96 47 6
16 66 7
44 55 4
55 21 7
51 62 8
17 88 5
30 65 7
36 15 5
97 44 7
63 62 4
59 50 3
21 25 7
39 53 4
13 19 7
18 6 5
55 34 7
45 1 8
60 8 4
76 96 5
33 22 5
58 0 3
3 36 5
24 51 4
10 31 9
61 11 3
94 37 8
89 47 5
99 41 6
92 88 5
33 94 6
65 93 3
56 67 2
41 43 1
32 58 6
25 69 2
43 27 3
26 55 5
20 79 9
70 97 4
37 59 5
64 32 3
77 65 5
20 1 1
65 62 6
97 72 7
37 8 5
24 58 2
44 54 7
20 71 7
23 47 8
8 9 7
59 3 3
75 77 3
34 82 4
98 52 2
43 74 2
47 91 6
9 23 1
11 49 8
99 94 0
74 50 4
26 75 4
37 29 6
42 49 7
60 50 9
14 72 7
