97 62 7
99 27 4
46 61 1
7 97 8
99 61 6
5 75 1
46 23 8
60 81 5
85 8 7
39 52 2
21 35 7
6 87 3
75 13 2
56 77 6
36 44 8
80 95 2
49 52 1
95 87 6
24 19 1
64 53 3
32 90 3
94 43 5
55 34 4
43 44 7
99 81 7
95 44 0
15 15 6
58 72 0
69 89 9
70 57 2
98 76 8
84 87 2
41 41 9
24 81 9
37 28 4
26 11 8
29 88 9
9 31 6
10 33 8
12 24 8
80 67 2
53 9 4
35 7 0
90 49 0
46 1 8
7 52 3
37 64 1
94 18 7
58 44 1
47 60 4
85 37 5
39 34 3
16 55 2
85 50 1
84 56 3
57 89 1
7 43 8
76 21 8
70 9 0
61 67 0
37 31 7
83 89 2
48 72 6
24 32 0
22 73 0
73 16 5
65 40 0
65 23 0
50 62 6
65 53 8
97 23 1
91 2 2
44 83 1
36 69 3
5 80 3
35 7 6
55 5 2
54 64 9
8 63 5
73 76 3
10 42 0
63 15 4
92 42 0
31 9 9
1 4 9
40 91 2
35 72 9
72 66 4
97 84 3
29 33 4
89 56 5
18 26 9
51 72 5
37 41 7
99 5 9
65 46 1
26 81 8
92 65 2
63 33 9
90 72 4
