72 69 2
22 40 7
75 73 5
75 78 4
68 17 4
10 93 6
22 1 7
85 67 5
10 91 9
6 11 9
89 24 5
58 8 3
52 81 2
28 41 2
57 10 0
79 11 0
43 26 0
85 3 3
18 51 6
64 98 0
1 91 8
21 14 5
9 61 4
67 66 2
66 59 1
59 66 1
9 96 1
52 24 1
23 50 2
35 40 0
13 70 5
65 84 8
28 38 9
1 75 5
77 4 1
40 66 2
66 36 8
75 88 9
11 61 6
25 32 8
26 65 4
43 73 7
64 57 0
90 4 1
68 24 4
95 78 0
59 36 1
52 11 8
25 78 6
58 97 2
27 8 3
32 43 4
1 57 5
24 40 2
94 38 0
60 17 0
70 88 3
59 39 2
48 49 3
74 70 6
95 28 9
26 95 7
49 44 2
43 84 4
41 84 6
12 18 5
65 48 1
67 23 0
84 80 1
85 42 0
32 0 2
54 2 8
43 11 4
42 92 9
71 28 7
92 40 6
29 58 2
74 78 4
16 53 9
8 52 6
52 63 7
6 12 6
14 92 2
86 12 2
52 66 2
45 29 9
48 48 6
84 39 2
58 55 3
43 98 0
22 90 7
93 39 4
71 26 9
67 82 6
26 50 5
69 42 1
34 11 5
63 32 2
48 78 5
63 67 4
42 78 0
88 70 7
54 55 8
23 75 4
14 56 5
46 72 6
44 18 8
94 81 9
81 3 5
41 81 6
23 35 4
38 94 5
47 92 0
19 15 3
85 40 2
42 18 6
72 0 3
4 38 5
59 14 0
35 89 0
42 98 1
94 48 8
53 97 0
11 19 0
63 84 2
90 98 0
14 85 4
37 81 9
24 82 7
73 61 8
27 94 0
52 93 0
75 73 8
65 10 2
31 90 6
38 7 5
57 25 6
51 50 3
4 75 9
50 94 6
71 61 3
78 79 4
51 69 5
62 18 4
76 4 9
90 3 6
43 9 5
69 97 9
78 55 9
36 93 8
38 37 0
81 89 6
11 74 0
18 61 4
5 41 2
46 27 1
55 54 9
84 60 5
49 29 2
20 20 0
40 39 3
38 5 6
36 25 0
9 22 3
50 20 3
84 57 9
94 36 7
15 51 1
67 81 4
78 33 7
39 54 6
28 24 0
98 67 4
80 8 4
3 83 4
91 42 9
7 98 1
32 35 4
39 5 3
69 17 2
32 23 5
71 19 8
16 83 0
13 2 9
76 76 9
32 28 7
50 25 3
18 26 0
59 23 4
51 40 9
90 47 6
41 51 7
11 41 6
95 66 2
40 60 6
43 18 1
55 51 4
57 62 4
29 40 6
55 55 2
17 90 6
59 6 7
20 17 3
86 94 6
75 81 7
55 93 5
74 20 3
24 5 7
62 5 6
10 15 2
66 37 2
11 48 9
97 2 8
92 57 9
1 14 7
61 79 0
75 78 9
66 49 1
85 90 1
76 58 0
53 92 3
50 35 6
5 1 1
62 7 7
87 91 2
48 5 0
32 81 5
35 60 1
13 63 1
67 87 5
49 34 1
54 15 2
36 43 1
36 44 1
1 84 9
57 68 3
80 68 0
3 53 4
8 24 5
47 71 9
60 66 8
8 78 4
42 36 1
26 75 6
70 70 6
20 17 9
71 53 7
70 52 1
37 58 9
28 16 6
21 46 2
19 59 2
44 47 0
52 65 5
87 91 2
45 30 2
44 9 0
84 18 9
82 80 3
76 28 9
11 68 6
75 97 9
27 11 8
26 12 3
28 87 1
45 4 6
75 7 7
29 59 8
99 86 1
79 21 9
95 34 3
27 4 4
95 20 9
58 75 6
90 0 9
59 59 0
58 6 7
83 39 7
55 6 3
85 24 1
25 3 5
43 22 9
85 33 3
59 2 4
20 68 4
75 88 2
96 3 7
39 70 2
19 74 2
7 63 8
54 58 6
64 27 5
4 38 3
20 67 5
90 12 9
85 67 9
88 15 3
42 46 3
13 96 0
44 10 1
91 36 6
23 47 4
53 88 8
47 86 7
74 93 5
11 52 7
85 45 3
90 2 4
9 54 5
43 31 4
66 60 4
66 61 4
13 90 2
12 39 8
6 50 7
20 55 6
81 5 5
57 9 6
83 78 9
42 84 0
33 59 7
37 90 8
96 53 7
89 32 7
26 95 2
7 63 4
1 19 9
48 44 2
54 29 5
77 56 7
92 61 8
4 56 8
18 78 8
27 77 8
28 44 3
47 15 0
60 34 8
91 54 8
69 57 4
83 80 7
54 45 2
53 97 9
43 1 0
94 36 6
62 55 0
5 94 7
32 82 6
90 73 6
97 97 2
52 75 3
6 3 9
93 58 3
80 51 4
83 58 3
5 75 5
25 11 8
9 21 9
7 12 3
99 81 0
68 4 0
87 3 8
20 55 1
41 69 4
10 2 2
10 74 0
46 78 4
45 13 1
31 42 6
16 79 0
83 63 2
72 24 1
24 77 1
98 69 3
37 18 2
95 38 9
86 95 1
26 54 1
46 56 9
29 70 0
72 40 2
95 15 2
3 84 6
67 66 6
74 69 7
15 70 9
31 32 9
89 71 5
54 34 6
56 95 3
88 92 3
79 91 9
75 28 5
51 47 1
61 33 5
44 87 2
55 47 9
53 28 6
78 5 4
62 72 5
8 73 3
38 15 1
91 85 1
2 86 4
96 45 3
10 4 4
27 19 1
74 64 3
47 10 3
63 34 7
8 12 3
2 98 3
23 55 7
4 12 9
95 40 8
33 31 8
15 65 4
64 46 9
90 3 5
60 30 7
59 93 7
4 88 2
80 71 8
19 0 4
62 95 1
93 14 3
8 90 8
38 18 4
92 88 7
7 56 9
32 17 9
14 52 8
70 85 9
37 66 2
79 6 2
97 38 9
75 82 1
32 40 5
26 67 3
1 83 9
22 68 0
65 91 0
24 33 8
51 88 5
92 50 6
49 26 8
50 93 3
76 84 8
54 71 3
79 99 8
90 14 5
65 95 9
15 98 5
91 72 0
81 99 6
95 65 8
73 90 4
90 71 9
22 60 1
48 75 0
22 29 9
67 61 4
67 74 5
79 97 1
95 78 4
40 9 1
56 88 6
28 55 5
52 79 0
96 26 6
91 42 8
49 49 3
14 9 7
80 96 3
41 10 6
12 95 2
7 79 0
39 17 7
37 82 6
47 97 7
69 93 0
85 32 8
34 68 9
75 48 4
65 76 0
46 52 8
39 78 1
2 37 5
75 23 8
7 41 4
83 93 1
0 6 2
48 97 9
54 98 7
21 68 2
62 19 9
56 21 6
63 28 3
37 26 9
44 58 5
73 83 6
98 63 9
33 11 8
14 21 6
46 47 2
5 66 6
37 78 6
7 90 2
80 37 1
87 38 3
4 2 9
85 57 8
97 21 5
39 60 9
72 38 7
54 58 6
62 57 3
83 24 9
34 36 7
10 57 6
74 30 6
15 20 6
31 26 3
71 58 2
83 55 9
33 96 4
56 74 9
66 15 5
63 15 2
61 98 1
2 34 8
8 15 5
89 98 5
80 5 6
12 39 1
37 87 1
51 45 3
56 81 6
63 18 1
55 60 4
32 59 3
53 58 1
26 18 9
62 21 9
59 97 3
29 9 8
85 32 2
77 47 6
16 91 6
78 18 3
41 13 1
29 89 8
0 49 1
41 27 0
76 27 9
75 47 6
20 24 9
47 13 5
26 35 3
41 53 6
98 61 2
24 53 7
64 39 3
24 34 6
23 9 1
78 82 7
36 51 0
17 42 3
26 82 2
35 37 6
57 50 5
19 25 2
45 20 1
70 99 0
63 69 1
0 99 8
85 60 9
60 66 8
65 62 8
7 43 3
40 38 5
45 41 9
58 34 3
59 57 4
46 67 1
25 37 2
79 96 5
62 82 7
8 27 7
76 19 6
66 13 7
41 72 2
63 67 0
3 99 4
23 92 3
12 49 4
61 30 4
32 16 6
59 50 1
2 71 8
55 45 6
75 76 3
53 82 5
65 53 2
96 77 0
52 11 0
14 90 6
71 96 6
90 99 2
76 84 5
21 79 9
59 51 8
47 68 1
55 76 1
30 15 6
52 45 4
81 52 1
36 17 0
20 46 0
26 50 4
88 54 7
72 98 8
31 44 7
67 24 0
90 20 0
13 59 3
89 29 0
71 49 5
49 30 1
27 32 5
1 89 4
38 49 7
18 34 6
85 76 2
54 15 4
87 43 1
96 1 2
20 84 8
22 99 0
33 81 6
20 21 3
39 8 3
25 98 2
97 24 8
99 59 0
27 72 2
66 39 0
29 0 5
42 79 4
42 37 8
0 70 8
93 61 0
56 57 1
72 77 7
61 0 8
47 32 3
96 71 9
51 97 2
85 60 8
0 11 5
46 56 7
76 25 1
52 63 1
14 35 0
70 2 7
19 62 0
9 14 6
10 65 8
5 98 4
87 62 9
68 6 3
80 90 7
10 49 7
46 45 6
13 97 7
87 95 3
79 97 2
1 19 0
16 70 3
27 10 8
39 5 0
83 48 8
90 25 8
37 48 9
49 26 5
37 42 2
23 81 2
51 76 1
26 59 9
36 95 3
3 5 7
84 70 6
38 93 1
41 75 1
31 54 5
69 81 6
12 93 0
37 31 7
87 8 7
60 29 8
10 55 5
95 17 9
33 59 3
42 51 4
11 46 5
7 85 8
59 49 0
46 6 4
83 34 1
64 52 6
18 11 7
66 88 1
74 18 1
53 67 4
72 91 8
77 39 4
85 13 3
89 4 6
58 67 9
1 37 9
78 81 3
48 95 2
84 33 5
26 71 2
98 44 5
52 37 5
46 33 8
79 28 0
89 59 8
93 80 4
66 5 4
33 69 1
26 62 1
8 17 8
4 34 7
19 86 3
50 47 6
5 49 8
85 16 1
65 47 2
82 94 3
33 28 2
0 16 2
28 64 4
22 35 2
60 31 7
92 30 4
41 96 8
64 45 8
27 17 8
5 97 6
26 52 7
82 3 9
28 35 7
6 21 3
32 15 4
69 78 5
88 51 5
71 88 4
36 62 5
18 5 0
75 96 1
29 13 9
92 81 7
82 44 4
15 28 5
68 5 6
18 10 5
27 11 1
39 30 3
70 24 6
44 48 1
6 22 4
89 10 2
2 1 4
35 97 3
56 98 0
55 57 1
75 28 2
4 67 8
42 8 2
49 96 0
83 89 6
41 31 3
6 5 7
22 42 0
85 28 1
2 55 0
96 11 0
58 93 9
41 89 7
45 81 5
55 1 8
86 72 9
17 99 7
41 31 1
10 58 4
26 94 5
72 80 2
95 20 2
28 42 7
