82 5 2
88 77 0
77 94 7
41 31 4
62 75 8
70 35 3
8 69 1
50 81 2
81 5 1
6 9 6
28 14 4
55 39 3
82 27 5
46 58 2
6 66 1
48 92 4
86 52 0
58 94 1
96 24 6
97 91 4
53 77 1
31 19 7
40 75 3
14 46 6
96 55 5
38 41 8
80 28 9
31 17 9
61 61 6
30 46 1
51 70 3
45 86 0
80 42 3
55 23 2
85 85 7
57 43 5
89 52 7
6 68 1
3 87 8
72 32 4
45 18 0
86 55 1
51 58 2
70 82 4
51 76 5
71 33 1
72 58 7
86 85 4
61 16 7
4 33 0
50 97 5
67 32 5
9 51 2
77 5 1
10 88 3
96 60 8
36 71 2
26 10 9
79 80 0
35 67 7
84 22 4
83 94 4
93 61 1
89 61 5
33 89 1
96 50 6
38 87 7
52 66 6
97 42 8
3 95 9
60 96 0
47 67 8
68 25 5
29 51 9
94 65 8
29 99 5
61 56 2
57 50 3
54 14 3
26 74 4
58 78 7
43 43 5
68 83 9
22 21 6
27 26 8
7 98 8
44 64 2
12 55 1
98 22 6
96 2 3
60 86 5
10 6 8
94 87 7
25 87 8
35 9 5
84 75 3
26 78 8
40 57 9
0 21 5
73 99 1
59 16 3
54 13 5
62 1 4
15 55 6
42 3 4
61 93 9
2 69 7
32 12 3
26 65 3
58 99 6
94 0 0
10 27 5
99 61 9
42 28 7
69 46 7
46 38 7
69 5 9
60 30 8
58 16 9
56 83 7
43 52 0
65 32 1
69 77 9
1 24 4
0 54 7
96 32 5
66 26 5
47 84 8
58 57 5
7 1 6
41 89 5
8 53 2
10 46 2
79 87 5
58 6 2
36 55 6
9 28 3
9 32 2
26 29 5
69 32 4
52 77 1
92 27 1
80 6 2
82 92 6
55 45 5
86 81 5
57 8 2
63 25 3
69 61 1
51 14 2
1 10 5
70 6 2
43 25 4
21 81 5
71 53 0
15 51 0
33 51 4
54 71 6
55 44 9
62 6 8
86 18 4
19 92 3
28 76 0
92 0 6
76 55 7
4 56 9
63 83 0
22 11 8
41 22 5
97 59 5
79 38 8
51 51 9
27 70 5
50 67 6
20 63 7
23 4 8
40 99 5
38 24 3
33 77 0
92 57 0
29 32 0
48 98 9
6 35 3
29 68 6
7 84 9
66 8 6
4 95 2
80 51 4
18 83 4
51 48 5
31 39 5
30 50 2
39 83 0
38 84 9
53 23 7
66 32 2
0 77 3
49 33 2
98 39 4
41 88 7
18 90 6
11 28 3
75 8 1
62 67 9
79 41 0
40 21 1
82 23 5
65 69 9
87 10 6
13 19 1
68 6 1
33 59 2
97 35 1
49 11 7
81 64 1
79 23 8
15 92 6
63 17 4
76 58 1
22 89 9
51 25 1
41 29 1
58 44 0
96 89 2
49 70 9
79 48 0
65 93 7
49 10 5
14 80 7
24 87 8
5 69 6
52 25 8
40 60 8
58 10 1
45 87 1
64 73 5
68 92 6
71 74 8
85 28 8
69 49 0
16 78 1
77 64 2
95 18 1
71 86 4
14 4 5
63 24 2
43 89 9
51 88 4
33 10 5
78 39 9
83 20 0
32 11 4
55 44 4
18 27 4
34 45 6
24 4 7
37 52 2
58 20 5
25 40 3
37 23 2
58 80 6
12 15 8
40 56 2
91 66 8
70 42 0
64 44 6
59 54 7
4 24 2
42 21 2
46 52 1
94 85 3
57 81 5
67 75 4
78 83 1
99 72 0
23 83 2
9 9 3
25 47 6
8 26 1
17 35 0
85 7 5
54 60 3
42 88 7
65 50 0
51 42 0
98 23 4
45 29 0
43 32 4
77 15 4
71 51 1
77 83 3
17 9 6
85 59 0
45 42 5
75 27 1
49 73 7
6 61 3
80 27 0
51 54 7
46 86 5
76 16 6
79 31 1
10 39 7
91 68 5
97 69 4
99 22 3
81 94 5
30 30 2
84 93 6
27 45 7
30 97 8
3 49 5
60 16 4
66 21 7
64 52 8
82 11 3
98 55 6
84 19 0
78 61 8
19 64 6
23 9 7
82 67 0
72 23 7
25 42 2
70 15 8
69 72 9
23 59 1
64 35 6
80 44 1
79 91 7
2 31 6
51 76 6
62 49 0
9 44 5
38 40 2
73 13 9
71 57 9
0 57 5
80 14 4
82 89 0
66 65 3
77 91 4
31 5 9
52 25 7
64 64 9
20 61 8
0 60 0
82 71 8
64 2 1
53 94 3
34 45 9
18 83 8
26 60 9
20 92 1
29 46 7
61 62 3
10 31 1
89 80 3
78 77 5
16 88 3
44 18 2
50 43 5
17 28 4
92 92 5
16 14 7
94 2 9
42 88 7
81 74 5
38 10 3
93 71 4
52 41 5
47 75 1
2 81 7
1 89 4
25 38 7
50 33 6
44 52 7
10 15 5
24 32 6
22 64 0
90 84 2
4 3 2
68 45 8
81 85 3
29 11 9
31 63 8
25 61 8
4 78 9
14 50 6
73 81 5
95 36 0
42 91 3
38 32 8
12 63 1
43 4 4
16 91 1
76 86 4
69 87 0
54 6 1
40 49 2
39 15 6
30 74 1
50 93 3
39 0 0
72 52 5
64 94 3
50 67 1
14 83 0
55 95 2
86 13 0
24 77 2
18 98 0
3 67 8
10 15 8
85 0 9
51 95 6
69 18 6
17 9 8
20 98 7
2 65 6
50 49 0
58 88 0
41 43 6
46 24 2
27 72 5
13 64 4
34 85 1
25 73 4
40 73 1
98 14 5
15 30 7
72 38 8
97 56 2
68 94 6
81 23 7
64 41 2
57 81 5
15 73 0
29 18 7
47 3 2
15 2 3
51 74 9
59 74 9
88 35 0
25 32 3
92 63 4
49 93 5
19 16 6
15 73 3
74 33 8
25 7 2
1 12 4
9 78 0
62 82 3
1 99 4
87 18 0
3 83 5
96 96 3
96 81 2
14 35 3
13 30 2
51 60 4
94 35 1
13 92 8
81 93 2
2 33 3
53 16 8
14 95 3
97 54 2
97 42 5
59 46 1
31 24 3
92 91 6
97 9 5
15 47 3
23 21 1
18 30 2
69 0 4
14 62 8
70 67 9
7 30 0
49 0 2
48 54 2
99 61 8
2 25 0
93 60 4
8 12 0
3 86 0
44 58 6
88 89 1
43 18 7
99 31 7
15 68 1
40 45 8
90 77 9
75 81 7
55 19 4
65 51 0
63 74 8
33 18 8
68 53 2
9 26 1
32 11 8
54 31 8
20 47 1
89 55 2
49 83 5
78 37 7
44 97 8
95 72 5
30 24 5
35 60 8
80 56 2
67 75 8
2 34 6
69 19 5
96 97 1
21 88 7
68 77 2
5 57 9
71 53 2
35 79 3
19 44 2
25 93 1
94 44 6
36 6 7
26 12 4
92 19 7
82 32 8
74 76 3
32 85 4
87 77 3
64 34 0
35 86 3
23 8 6
73 63 7
99 97 9
48 48 0
6 89 6
43 6 4
70 67 8
92 51 9
9 9 0
78 95 2
55 6 6
86 29 2
19 54 3
80 33 4
86 75 0
44 78 6
34 65 1
51 8 5
34 67 0
32 39 5
81 55 4
45 71 2
18 70 7
93 60 8
62 0 2
26 53 3
51 21 8
92 80 1
41 87 2
18 52 0
63 8 4
87 63 7
26 88 3
57 14 3
91 86 5
95 34 5
5 32 4
6 42 2
94 81 0
87 35 2
27 35 3
24 70 4
66 60 7
28 7 1
90 6 2
77 74 0
18 51 2
98 3 2
92 7 5
27 42 5
49 33 3
87 19 1
10 0 8
85 2 0
62 80 5
22 41 3
24 11 7
40 75 8
28 95 3
84 68 1
55 17 8
51 34 4
32 45 7
40 15 8
62 97 1
65 38 6
18 86 8
53 98 8
16 14 2
10 75 3
79 15 5
25 4 9
51 57 6
21 47 2
96 81 8
64 19 9
52 59 5
52 11 5
53 84 2
37 81 0
43 47 8
26 40 9
66 80 8
33 71 4
88 83 7
62 30 9
71 18 7
11 15 5
71 15 6
40 12 8
31 52 4
64 95 3
29 65 7
51 31 2
76 62 2
0 6 3
81 23 9
94 81 2
4 1 8
92 38 4
9 49 1
85 96 1
71 84 9
64 87 0
50 80 3
60 67 5
23 93 2
64 25 7
56 11 9
15 61 6
43 71 7
35 96 2
38 92 6
74 74 5
18 39 1
9 55 8
49 78 4
57 93 6
71 65 2
12 11 3
4 49 4
45 74 5
78 65 4
73 58 7
51 44 8
39 86 0
80 90 3
30 87 7
45 76 8
43 90 2
4 75 5
57 86 2
26 3 8
2 96 7
27 24 4
2 79 7
81 77 4
47 96 5
39 12 3
74 74 7
63 19 5
27 48 9
74 28 3
28 68 9
16 34 9
57 99 9
50 85 0
28 50 6
55 28 4
2 33 1
11 82 8
69 72 9
63 93 7
5 24 3
81 2 7
60 69 5
13 47 7
25 97 9
96 22 3
84 95 1
28 43 1
66 69 8
81 89 8
74 87 5
78 61 8
9 46 1
85 90 0
81 59 6
91 66 4
48 42 5
12 86 6
6 99 6
34 44 2
49 74 0
97 13 1
58 24 0
43 22 7
67 47 7
64 74 4
44 19 4
12 65 5
70 48 8
36 31 1
6 22 8
95 14 1
90 59 7
31 78 7
98 75 6
36 75 4
75 43 0
42 98 6
15 24 6
39 42 9
51 32 3
97 39 8
61 38 8
68 62 2
54 55 0
85 51 8
13 40 5
22 94 7
52 87 0
36 28 7
55 86 3
59 20 6
95 5 9
23 45 6
29 93 3
43 23 2
2 55 6
56 70 4
7 81 1
41 95 5
13 86 0
36 73 7
98 31 6
61 35 4
86 85 1
46 26 2
67 46 5
91 62 7
66 72 2
24 87 4
17 35 6
74 56 6
7 85 6
33 75 9
62 5 4
88 49 4
14 56 5
83 35 6
85 72 1
34 45 5
33 56 1
15 80 9
90 63 8
7 11 0
6 89 0
15 79 2
91 72 3
98 75 3
91 64 2
4 76 0
71 15 4
56 83 1
10 70 2
32 19 8
99 70 4
68 36 3
53 47 4
60 59 8
55 15 3
76 0 6
83 1 9
33 26 7
79 54 9
3 61 1
39 40 7
22 74 4
7 76 9
4 78 4
12 50 1
55 62 9
54 52 7
84 20 5
64 34 3
