84 96 3
75 86 0
19 99 0
92 64 9
77 52 8
20 78 2
8 12 9
52 53 4
71 54 6
8 68 5
5 59 9
59 61 6
40 97 2
24 24 5
90 78 7
14 82 9
9 84 1
47 88 6
74 25 1
98 91 6
47 44 3
50 65 0
11 3 8
63 1 5
17 2 7
54 90 6
64 99 5
19 28 3
61 67 7
4 79 0
61 62 5
68 20 4
72 2 0
70 89 7
41 46 1
53 94 2
67 33 9
57 4 2
70 15 9
5 76 2
46 34 6
25 73 0
11 74 7
19 19 1
33 50 3
83 49 7
40 5 6
37 84 6
53 9 8
28 46 7
83 79 1
80 38 0
41 64 3
29 34 6
73 73 6
21 80 2
63 81 9
51 46 0
60 11 5
55 60 9
51 34 8
97 54 2
19 75 4
86 55 9
67 11 8
88 88 0
84 5 6
53 56 6
17 63 7
27 54 8
27 19 2
44 17 9
32 53 8
0 10 9
16 95 8
26 70 6
96 20 9
5 48 5
15 84 2
6 75 3
64 81 1
29 47 2
29 0 4
19 83 0
35 90 2
24 29 7
48 45 9
69 36 8
41 22 1
10 5 9
54 30 8
51 83 4
77 24 7
27 28 4
32 60 8
64 85 7
5 6 9
25 64 6
79 78 1
63 7 6
17 1 4
80 61 3
64 40 3
65 92 6
57 30 0
77 20 8
88 22 5
54 93 4
73 29 5
64 30 2
82 36 5
11 25 3
79 53 6
39 72 8
73 30 0
22 21 9
52 74 9
32 21 5
62 0 0
58 58 6
79 74 0
93 18 4
85 12 7
89 70 8
47 53 2
85 19 2
80 51 6
85 93 6
95 99 2
79 31 4
93 39 5
55 55 1
76 4 0
50 78 7
13 95 6
28 94 1
53 73 4
52 56 9
75 63 8
44 75 3
89 92 4
73 90 9
65 98 8
14 67 7
33 96 7
2 55 2
42 72 6
24 39 2
96 33 0
71 65 2
19 20 9
98 52 0
10 42 9
34 29 2
77 82 2
11 20 7
7 71 8
80 63 2
62 75 8
95 59 3
14 99 3
49 30 0
47 41 0
82 14 0
72 62 4
27 23 9
51 63 6
43 45 6
83 69 0
27 16 7
73 53 4
87 2 0
73 12 3
5 32 8
58 71 7
45 87 0
10 70 3
66 55 5
62 72 2
57 62 8
68 90 1
67 44 1
40 11 6
22 15 9
15 16 1
8 75 7
46 92 9
33 21 9
36 0 8
36 6 3
37 64 4
13 55 3
26 18 5
1 13 6
46 78 3
44 68 6
3 67 4
78 85 1
97 74 8
97 39 1
11 16 7
46 97 4
70 24 6
57 7 9
75 11 6
62 60 9
61 63 1
43 50 4
77 79 5
76 45 8
43 57 1
94 55 2
48 0 0
54 98 9
29 17 3
90 21 2
47 82 1
40 23 0
71 18 5
27 9 1
19 26 6
53 8 5
71 51 1
5 57 0
96 71 5
78 30 4
3 71 1
19 27 0
34 30 2
15 93 5
16 21 5
13 40 9
74 12 4
37 63 9
14 3 5
91 3 5
72 18 1
28 23 9
52 37 7
18 66 2
9 70 0
1 27 6
38 48 8
59 84 5
78 83 4
29 45 6
28 13 4
89 80 5
55 27 1
78 81 8
43 25 4
53 41 6
80 63 1
69 11 3
72 2 6
57 17 1
90 88 5
76 49 1
22 35 7
60 10 0
38 8 7
89 35 2
79 40 0
65 65 0
14 98 0
39 33 5
23 13 5
3 65 5
83 50 1
57 77 1
36 28 3
91 41 2
13 57 8
5 63 4
31 13 0
33 82 4
28 2 6
53 87 7
51 66 0
31 96 8
13 93 0
85 33 2
41 9 6
91 23 7
18 41 4
52 40 6
63 22 7
65 20 6
76 10 4
67 39 0
67 9 3
77 51 3
53 45 3
61 58 8
93 44 7
89 87 9
56 96 8
14 38 9
93 97 8
9 23 9
72 40 2
53 17 5
8 11 1
36 35 9
73 84 9
93 89 4
51 15 1
44 53 3
62 65 7
39 4 1
75 31 9
62 92 2
86 26 8
47 77 4
14 66 2
97 29 2
71 82 9
14 5 5
94 7 8
29 36 5
28 10 9
56 36 5
85 6 1
73 27 2
56 23 4
64 42 3
83 5 0
37 58 4
8 34 7
99 10 3
40 91 3
95 6 8
78 24 0
9 34 4
84 54 4
83 17 9
5 55 7
32 40 4
62 7 3
40 57 1
82 69 1
37 80 9
74 54 7
33 23 3
17 43 0
47 20 6
14 68 5
9 74 5
4 72 5
38 49 4
62 56 8
39 24 7
14 7 3
37 80 5
98 39 0
22 81 0
57 81 1
7 18 4
85 83 6
47 69 1
92 67 9
83 91 2
41 2 9
43 60 9
92 15 8
38 73 4
27 43 3
39 51 6
82 12 9
72 61 0
45 45 2
34 15 6
46 71 2
63 49 2
16 55 8
48 19 1
63 71 1
93 66 9
85 87 9
24 2 9
58 13 5
86 60 6
66 14 9
5 57 0
50 18 5
7 28 4
14 48 2
52 68 4
79 40 6
23 77 0
69 96 9
87 80 0
21 78 5
9 13 2
23 57 9
60 23 6
50 85 9
1 12 7
56 32 8
18 22 1
34 57 8
0 27 9
64 97 4
69 43 4
84 2 5
82 42 6
8 21 8
90 77 9
5 8 6
66 25 7
18 27 0
21 89 7
85 51 9
34 25 7
36 87 3
99 63 6
67 38 7
64 18 2
68 72 8
27 79 4
90 0 6
98 65 4
7 80 3
94 4 4
56 43 6
51 55 4
40 83 0
91 27 8
59 23 3
28 9 3
3 94 7
77 52 4
26 16 2
71 6 3
41 4 6
80 46 6
14 70 8
56 97 1
30 73 7
13 7 4
42 57 2
3 94 1
27 25 5
53 90 2
65 41 2
45 83 2
13 5 5
18 56 9
23 91 5
34 88 9
15 1 2
72 97 0
4 52 6
96 44 1
14 20 9
80 1 0
92 17 5
65 56 0
1 86 8
41 10 4
48 3 1
82 0 6
10 51 8
97 10 7
78 96 3
26 19 8
39 36 8
5 80 5
74 0 6
66 62 7
29 56 5
73 40 2
6 35 3
68 96 2
73 37 4
82 90 7
21 57 9
25 0 1
94 54 1
65 85 5
85 21 1
97 18 8
67 93 0
72 68 8
12 52 0
48 99 2
23 19 0
63 38 4
93 27 6
95 97 6
94 59 5
65 31 5
53 5 6
85 1 4
7 43 4
53 30 2
47 22 9
27 43 4
37 8 2
32 5 3
73 67 5
54 81 6
77 94 6
63 57 7
84 51 3
74 55 0
49 68 3
77 43 3
46 11 2
20 58 3
77 45 4
98 30 2
96 8 5
31 45 5
80 59 5
46 90 5
1 80 5
3 43 6
42 81 4
24 56 5
85 90 3
94 39 2
78 69 9
88 56 0
53 31 2
74 44 5
75 38 8
2 64 7
28 50 0
16 16 8
50 49 9
97 82 2
61 89 7
75 89 0
85 55 0
58 77 7
25 68 1
15 11 8
0 23 3
84 28 3
51 6 3
17 2 4
75 94 0
37 97 1
68 31 5
66 41 4
2 12 7
96 18 1
57 23 7
38 80 5
18 16 6
73 78 0
17 77 8
47 54 0
78 54 7
99 50 4
38 34 2
21 81 4
41 75 4
73 58 5
94 57 4
77 55 2
55 41 0
28 86 4
93 29 3
77 84 9
49 85 3
82 90 8
18 34 4
6 23 4
61 44 7
82 7 2
2 76 8
32 48 0
77 98 5
46 25 3
83 49 1
84 59 1
99 99 4
87 8 8
11 54 2
7 5 8
50 25 0
45 49 4
82 60 3
67 34 3
30 69 4
21 81 4
49 95 7
37 27 6
15 71 3
49 39 1
85 33 0
78 48 2
30 22 9
26 1 5
30 49 3
75 43 2
34 99 5
8 89 1
46 61 0
20 75 7
51 61 6
56 63 0
11 40 6
51 8 3
94 83 9
48 6 8
41 34 6
10 80 0
92 59 5
88 10 2
84 76 8
99 11 9
42 13 5
16 91 7
17 2 1
63 75 4
22 72 3
31 28 5
20 6 1
10 3 0
80 6 3
33 99 7
75 9 6
32 11 5
67 87 6
40 84 5
67 90 8
38 60 1
59 84 9
70 67 1
82 96 6
1 56 1
31 10 6
47 12 7
66 95 6
70 71 3
94 36 6
95 28 0
71 30 7
33 39 4
5 75 1
81 87 8
94 51 5
85 12 5
65 71 0
82 77 6
62 91 3
68 53 0
69 28 0
29 46 2
36 1 1
74 19 6
25 29 5
14 35 3
85 31 2
56 42 2
93 38 3
70 40 3
73 9 7
86 83 1
55 53 6
82 30 1
13 12 9
70 19 3
23 39 5
6 14 6
81 85 3
76 2 1
40 41 2
41 92 4
98 59 6
32 20 0
70 89 6
34 30 6
90 39 3
5 59 4
3 61 4
61 89 2
63 81 5
18 10 4
78 24 0
42 31 6
3 25 3
88 75 2
63 24 3
1 74 2
9 95 9
42 39 2
92 98 6
3 13 7
60 17 3
25 4 9
0 54 9
78 41 1
98 98 7
43 52 2
25 1 6
57 77 3
27 63 6
54 96 6
36 27 9
78 78 7
83 41 7
75 81 0
37 6 9
37 89 2
55 47 5
71 80 3
97 78 6
41 68 6
54 83 4
36 80 9
82 85 0
17 0 9
37 43 7
35 80 2
29 0 1
13 61 8
69 42 1
33 87 7
23 49 2
86 86 9
63 92 2
80 52 9
88 48 4
27 94 2
70 5 0
52 99 0
75 76 8
87 79 5
47 77 6
77 5 5
69 11 3
35 84 7
56 33 1
52 55 6
94 84 5
32 3 3
93 14 0
39 89 9
39 52 6
59 1 7
4 29 2
1 35 5
3 65 8
14 59 9
44 66 5
95 75 3
4 10 1
31 97 6
94 17 5
48 10 3
27 19 6
31 26 8
41 86 9
45 44 8
8 14 9
6 76 7
60 95 2
11 66 7
48 15 8
45 40 3
58 34 6
29 42 2
44 69 9
53 78 0
23 82 5
42 86 8
64 30 5
29 69 2
41 57 1
66 87 9
24 84 1
56 25 5
26 86 9
9 4 0
31 77 2
48 17 1
7 22 4
6 92 0
44 36 7
51 5 8
70 97 8
72 35 7
4 37 1
21 16 6
53 2 3
35 99 7
78 77 2
10 86 7
15 57 5
60 0 9
83 71 7
81 55 0
64 18 0
78 89 6
8 37 9
55 67 1
