66 16 3
97 1 8
41 99 2
14 57 7
29 17 8
42 95 1
64 37 7
43 93 8
18 10 8
37 20 0
38 35 2
49 13 3
18 1 1
37 97 8
51 14 3
0 43 2
11 6 6
87 7 4
37 22 3
78 63 5
97 18 5
16 92 5
91 7 8
37 74 5
50 24 7
94 65 5
89 65 7
32 69 2
60 27 3
41 57 1
41 81 3
86 99 3
25 32 8
87 39 6
51 14 8
21 12 9
96 67 4
82 15 3
11 54 4
75 51 1
46 4 0
31 97 0
11 33 5
68 70 1
7 66 9
13 82 8
31 98 4
1 73 8
61 94 8
30 93 7
42 17 8
53 73 1
11 98 0
9 87 3
84 16 8
19 6 8
16 63 1
69 7 5
8 51 1
10 21 9
4 15 1
40 63 2
10 55 3
76 2 0
28 63 3
10 58 5
53 20 2
91 60 2
38 42 3
77 43 3
26 72 9
81 72 2
98 67 2
86 81 4
26 9 4
87 92 1
69 53 1
10 41 0
85 42 4
78 26 4
45 38 2
17 53 6
33 73 8
94 25 8
35 2 7
47 81 3
69 31 6
73 65 4
91 19 4
88 64 4
84 42 2
85 93 0
35 53 6
34 74 3
22 72 9
70 50 4
58 8 0
62 96 4
63 63 4
58 82 9
