24 0 5
35 24 3
38 54 1
84 37 3
18 67 2
13 12 9
45 35 0
62 9 9
48 96 9
5 55 1
98 75 9
19 51 1
89 43 7
47 62 9
22 84 1
35 68 5
86 69 1
39 51 9
53 68 5
25 54 4
8 33 7
91 60 0
15 53 0
93 77 5
4 33 3
4 55 7
84 65 6
75 61 2
16 16 5
1 60 2
6 2 2
58 24 2
47 0 5
95 44 8
25 53 9
72 49 7
16 9 2
68 8 1
73 14 9
20 70 7
22 74 3
4 98 9
52 58 5
70 73 9
22 10 4
5 93 1
41 75 4
22 20 8
57 13 8
37 47 5
1 21 8
47 27 2
40 72 9
87 62 0
23 19 6
43 98 0
16 44 1
37 13 2
29 75 1
47 35 9
30 27 9
55 69 6
77 53 0
36 57 3
52 98 5
14 45 3
65 95 6
10 87 0
38 0 7
50 2 2
27 78 6
64 0 7
86 98 6
57 26 2
53 52 2
66 84 9
65 91 7
42 81 0
85 4 5
0 24 4
32 33 4
8 26 4
91 11 0
9 55 1
17 67 7
70 45 0
38 35 8
89 33 2
36 0 0
5 1 3
71 90 8
76 6 2
20 8 5
41 57 5
83 28 3
8 76 8
23 8 9
90 75 7
39 52 3
88 60 7
