54 71 6
81 76 2
76 71 6
73 41 7
57 35 8
46 39 2
77 2 0
86 85 1
98 2 4
73 37 5
50 55 4
21 70 6
5 64 1
29 26 9
21 96 2
94 15 0
41 62 9
62 71 7
59 95 0
10 75 2
40 84 2
54 11 8
12 69 3
4 71 9
2 90 3
59 13 2
90 76 1
71 3 4
69 81 8
92 34 0
62 20 6
61 31 7
4 76 3
75 55 6
67 58 1
77 63 4
42 8 6
72 72 8
36 12 0
44 42 9
41 69 9
21 12 9
2 71 8
29 60 0
85 38 2
35 33 1
61 28 1
71 8 1
92 60 3
27 38 2
4 43 0
23 12 1
41 64 5
60 38 1
71 23 6
21 35 6
29 24 8
50 48 9
5 21 1
90 31 8
86 42 5
21 90 0
38 88 3
91 50 1
7 65 1
62 56 5
16 11 5
47 31 5
33 24 1
66 54 6
37 28 0
61 30 9
33 33 7
22 83 5
97 97 2
57 40 9
41 75 4
37 36 2
43 46 1
79 46 2
64 72 5
69 10 2
56 50 2
53 1 2
17 15 4
12 65 1
45 82 9
30 79 2
94 50 9
9 38 8
52 30 0
0 82 2
35 36 7
29 99 9
39 29 1
3 15 4
42 13 9
53 78 3
79 99 4
33 34 0
