1 38 4
61 3 1
3 9 0
69 4 8
84 92 3
65 63 3
71 43 0
9 79 0
26 67 1
82 27 9
4 46 8
0 89 9
46 62 1
37 23 4
43 26 9
49 35 3
52 26 2
17 24 9
62 82 5
15 0 0
3 26 9
74 13 5
33 92 8
2 29 5
15 22 8
58 36 7
77 16 3
30 75 4
53 65 1
30 70 1
72 60 5
19 36 7
36 76 6
82 26 3
61 6 3
41 61 4
60 42 4
43 38 2
31 49 3
62 58 0
15 83 2
47 22 6
42 24 6
43 74 9
95 61 3
44 93 0
95 72 7
10 77 7
13 17 7
55 61 1
93 22 4
57 33 4
31 82 1
64 7 1
95 72 4
27 73 6
9 78 9
89 45 7
90 89 2
16 45 7
28 52 4
12 9 5
30 42 7
20 91 8
5 11 4
38 92 2
47 9 7
99 74 3
74 39 8
84 77 4
31 35 4
4 46 1
67 54 4
95 50 2
20 40 6
88 0 9
0 31 0
58 5 2
64 9 2
77 54 4
6 91 4
17 38 9
78 4 2
46 95 4
84 38 2
48 52 5
46 64 2
33 55 8
61 5 8
65 32 2
11 29 1
32 49 2
60 57 5
90 4 0
46 3 9
0 29 6
72 78 7
44 96 8
71 91 3
75 3 1
