73 48 0
41 59 9
82 37 9
78 11 9
22 41 0
29 24 5
69 54 1
89 82 7
93 62 6
52 79 5
8 75 3
15 80 2
28 58 5
6 14 3
54 94 0
86 99 1
51 54 8
48 53 7
10 37 3
9 57 0
0 5 5
15 89 3
11 80 8
16 33 3
61 3 4
10 3 0
24 92 4
51 78 6
22 70 2
6 86 6
43 93 5
44 37 1
82 9 4
33 50 2
77 25 8
0 54 4
3 11 4
54 53 9
35 94 9
45 96 4
36 68 2
92 98 8
22 4 4
32 91 5
85 20 2
62 90 0
77 52 9
4 35 0
64 95 0
53 55 4
77 57 2
14 8 7
3 23 3
98 42 1
31 73 4
88 86 7
80 57 4
7 0 2
3 49 4
78 74 9
42 92 4
62 1 0
68 56 6
28 85 2
51 97 4
30 80 6
20 62 9
16 35 7
18 4 3
96 6 3
83 69 3
1 41 2
43 73 2
81 3 9
9 64 1
47 44 4
5 46 1
89 29 7
55 72 3
16 28 3
43 67 4
74 6 9
31 25 7
32 59 0
78 45 4
56 93 8
45 66 8
67 8 3
66 39 5
29 39 6
88 69 6
88 52 5
29 14 1
17 11 9
27 60 3
89 2 2
92 73 2
56 67 5
58 61 3
10 61 5
