44 89 2
55 43 1
16 71 3
62 87 4
45 79 5
88 3 1
34 30 5
84 35 8
29 67 2
25 69 0
50 47 4
80 30 2
62 40 7
2 26 3
51 37 0
72 39 7
38 17 5
85 40 6
0 1 3
10 65 2
35 67 7
71 45 0
19 45 6
69 30 6
36 33 1
10 57 9
79 27 8
12 48 3
43 21 1
58 75 5
99 43 0
8 48 6
90 18 4
63 73 4
91 62 2
34 86 3
16 4 1
97 58 2
11 77 3
8 85 0
60 31 3
58 33 4
33 19 1
65 58 2
85 53 3
9 7 3
57 36 3
27 10 9
11 88 9
76 26 1
37 6 1
82 58 0
85 73 3
3 37 6
6 10 9
96 75 1
12 97 6
84 42 4
99 89 0
13 63 8
43 64 0
31 20 7
13 60 5
83 3 2
53 12 8
73 31 3
4 33 2
74 34 4
22 25 8
29 38 9
71 99 6
34 83 0
51 35 0
78 82 8
12 38 7
13 40 3
56 55 3
43 88 6
9 53 5
13 10 3
99 6 4
62 63 1
1 96 8
96 75 2
50 37 1
87 11 4
46 96 8
9 10 3
1 72 6
45 31 6
9 71 3
7 53 8
70 65 1
63 4 0
48 32 0
20 2 7
82 20 5
59 90 6
10 98 4
56 75 8
