45 29 2
91 59 2
19 16 5
58 17 2
61 96 2
8 47 3
89 19 7
58 4 4
14 94 7
4 41 6
50 51 8
32 81 7
88 3 1
10 39 1
28 99 8
95 2 6
1 36 0
94 88 2
53 84 9
86 35 9
92 24 7
85 88 9
44 18 7
65 53 7
2 51 6
7 98 0
68 13 0
72 66 5
37 95 7
91 61 5
92 18 8
96 23 9
32 70 9
39 36 0
32 16 9
49 47 4
93 81 2
54 75 5
96 4 2
67 33 3
28 7 3
96 24 1
27 87 4
46 29 3
76 46 7
0 4 9
26 9 5
15 92 2
75 53 9
46 21 2
17 4 9
0 25 3
65 2 5
55 15 2
5 35 1
64 48 9
16 17 3
14 69 8
39 27 7
78 17 6
91 81 1
28 14 1
72 42 8
21 80 0
72 83 1
85 52 6
13 61 1
22 88 6
37 72 5
71 58 3
11 99 3
84 73 6
73 66 5
57 24 5
7 71 1
73 25 2
54 42 8
42 42 0
38 57 0
42 40 6
55 66 4
35 77 3
7 44 4
83 80 1
48 94 1
52 27 8
1 17 3
37 8 0
50 30 2
42 97 1
32 56 0
47 17 6
80 69 5
84 36 0
71 61 4
27 56 6
29 54 2
12 34 9
98 8 9
60 86 5
