3 82 5
45 16 1
0 61 0
11 58 3
69 41 1
74 62 2
96 9 5
14 74 9
65 59 5
28 70 9
36 24 3
95 11 3
29 86 2
90 18 8
10 81 7
99 42 6
78 16 8
71 80 3
16 87 8
2 65 2
71 55 0
62 53 6
59 17 2
91 26 2
98 83 3
13 25 2
84 19 9
56 73 8
58 4 7
59 74 2
84 40 8
59 61 4
71 73 5
2 47 2
68 90 0
16 14 9
74 94 7
70 5 4
11 39 1
32 87 5
92 2 0
28 59 5
29 63 4
57 72 6
14 90 9
73 56 7
76 11 0
44 33 4
3 51 4
49 22 6
31 33 9
79 44 2
38 59 6
44 24 4
19 12 8
93 87 1
88 17 7
95 46 9
1 55 7
33 69 0
88 63 0
19 59 5
96 56 2
55 11 9
71 12 3
89 92 7
43 36 3
27 18 5
42 93 3
0 84 3
41 25 5
27 17 5
14 51 4
53 97 4
85 83 9
98 22 6
86 75 0
98 97 7
83 30 4
28 35 0
68 84 9
21 94 2
32 76 1
77 79 7
52 37 9
30 62 0
34 80 1
94 0 1
84 78 6
21 22 6
34 79 2
82 21 1
15 13 2
13 18 4
38 88 4
0 26 4
46 80 7
3 75 1
6 71 7
43 72 6
